2 80001 37 6 53 40
2 80002 12 6 28 40
2 80005 477 6 493 40
2 80006 502 6 518 40
2 80010 68 18 92 35
2 80011 98 18 126 35
2 80012 133 18 163 35
2 80013 168 18 200 35
2 80015 438 18 462 35
2 80016 404 18 432 35
2 80017 367 18 397 35
2 80018 330 18 362 35
2 80019 91 45 108 60
2 80020 114 45 131 60
2 80021 142 45 159 60
2 80022 169 45 186 60
2 80023 421 45 438 60
2 80024 399 45 416 60
2 80025 372 45 389 60
2 80026 344 45 361 60
2 80027 9 51 25 84
2 80028 34 51 50 84
2 80029 64 51 80 84
2 80030 505 51 521 84
2 80031 480 51 496 84
2 80032 450 51 466 82
2 80033 100 224 107 230
2 80034 423 224 430 230
5 80035 0 0 49 23
5 80036 49 0 98 23
5 80037 98 0 147 23