10 0 0 0 32 32
10 1 0 32 32 64
10 2 0 64 32 96
10 3 0 96 34 128
10 4 0 128 34 160
10 5 32 0 66 32
10 6 32 32 64 64
10 7 32 64 64 96
10 8 32 96 64 128
10 9 32 128 64 160
10 10 64 64 98 96
10 11 64 96 98 128
10 12 64 128 98 160
10 13 193 0 226 34
10 14 544 128 576 160
10 15 608 96 640 128
10 16 608 128 640 160
10 17 640 0 672 64
10 18 640 32 672 64
10 19 640 64 672 96
10 20 640 96 672 128
10 21 640 128 672 160
10 22 672 0 704 32
10 23 672 32 704 64
10 24 672 64 704 96
10 25 672 96 704 128
10 26 672 128 704 160
10 27 736 32 768 64
10 28 736 96 768 128
10 29 736 128 768 160
10 30 768 0 800 32
10 31 768 32 800 64
10 32 768 96 800 128
10 33 768 128 800 160
10 60001 0 206 64 270
10 60002 0 270 64 334
10 60003 0 334 64 390
10 60004 64 206 128 270
10 60005 64 270 128 334
10 60006 64 334 128 390
10 60007 128 206 192 270
10 60008 128 270 192 334
10 60009 128 334 192 390
10 60010 192 206 256 270
10 60011 192 270 256 334
10 60012 256 270 320	334
10 60013 256 334 320	390
10 60014 320 206 384	270
10 60015 320 270 384 334
10 60016 320 334 384	390
10 60017 512 206 576	270
10 60018 512 270 576	334
10 60019 512 334 576	390
10 60020 576 334 640	390
10 60021 640 206 704	270
10 60022 640 270 704	334
10 60023 640 334 704	390
10 60024 704 206 768	270
10 60025 704 270 768	334
10 60026 704 334 768	390
10 60027 768 206 832	270
10 60028 768 270 832	334
10 60029 768 334 832	390
10 60030 832 206 896	270
10 60031 832 270 896	334
10 60032 832 334 896	390
10 60033 896 206 960	270
10 60034 896 270 960	334
10 60099 384 334 448	390