31 3
64 64 1552 0
60001 60004 60007 60010 60007 60014 60007 60010 60017 60010 60021
60024 60027 60030 60033 60035 60038 60038 60038 60041 60044 60047
60050 60053 60056 60059 60062 60065 60068 60071 60074
60002 60005 60008 60011 60012 60015 60007 60011 60018 60015 60022
60025 60028 60031 60034 60036 60039 60039 60039 60042 60045 60048
60051 60054 60057 60060 60063 60066 60069 60072 60075
60003 60006 60009 60006 60013 60016 60099 60006 60019 60020 60023
60026 60029 60032 60099 60037 60040 60040 60040 60043 60046 60049
60052 60055 60058 60061 60064 60067 60070 60073 60076
0 2818 15 0 181
0 45 15 690 118
0 159 15 753 86
0 97 15 928 118
0 270 15 1393 86
0 16 16 1530 20
0 16 90 1530 96
2 30 145 0 7
2 90 120 0 10
2 158 145 0 9
2 218 120 0 8
2 286 145 0 21
2 346 120 0 16
2 414 145 0 16
2 474 120 0 6
2 542 145 0 6
2 600 120 0 6
2 675 64 0 6
2 730 154 0 6
2 795 29 0 7
2 860 54 0 6
2 925 154 0 6
2 980 64 0 6
2 1050 154 0 6
2 1115 154 0 6
2 1180 154 0 6
2 1245 154 0 6
2 1305 154 0 6
2 1370 119 0 6
2 1430 64 0 6
2 1500 29 0 10
2 1009 117 11 8
3 8 41 1528 35 0 3
3 8 41 1593 35 9 3
3 28 5 615 176 1 2
3 10 32 690 86 -1 -2
3 25 5 710 113 1 2
3 15 32 754 52 -1 -2
3 15 32 890 52 1 -2
3 25 5 930 113 -1 2
3 25 5 1285 176 1 2
3 15 32 1394 52 -1 -2
3 1288 5 30 176 10 1
3 1288 8 250 176 10 -1
4 690 100 1 -1 -1
4 880 60 1 -1 -1
4 940 85 1 -1 -1
3 18 200 40 0 5 1
1 40 148