8 3
64 64 528 0
60120 60123 60126 60129 60129 60134 60137 60140
60121 60124 60127 60130 60132 60135 60138 60141
60122 60125 60128 60131 60133 60136 60139 60142
2 384 101 -1 5
2 384 101 11 11
0 224 15 0 102
0 32 15 96 69
0 32 15 256 102
0 144 15 320 102
0 32 15 480 134
0 32 15 448 166
3 230 5 40 10 8 5
3 230 5 300 10 8 6
3 23 7 87 64 -1 2
3 22 5 435 97 -1 2
3 400 50 50 52 13 -1
3 400 55 0 52 13 1
3 32 10 448 150 6 6
3 18 200 67 0 5 2
1 60 15
2 29 39 0 8
2 90 39 0 6
2 161 39 0 6
2 222 39 0 8
2 284 39 0 8
2 346 39 0 6
2 408 39 0 6
2 470 39 0 8
2 464 101 11 8