15 3
64 64 528 10
60056 60059 60062 60065 60068 60071 60074 60077 60080 60083 60086 61089 61092 61095 61098
60057 60060 60063 60066 60069 60072 60075 60078 60081 60084 60087 61090 61093 61096 61099
60058 60061 60064 60067 60070 60073 60076 60079 60082 60085 60088 61091 61094 61097 61100
0 512 15 0 181
1 374 166
0 130 15 0 86
0 48 15 130 118
0 8 181 0 20
0 8 96 272 102
0 48 15 352 118
0 32 15 320 102
0 208 15 416 86
2 257 148 14 12
2 257 164 15 13
3 222 5 336 200 8 7
3 17 5 160 113 1 -2
3 20 5 224 176 -1 2
3 22 5 30 176 1 -2
3 222 5 25 192 8 4
3 16 5 348 176 1 -2
3 20 5 451 176 -1 2
3 15 5 380 113 1 -2
3 8 41 504 35 0 8
3 8 41 572 35 9 8