12 3
64 64 784 0
60080 60083 60086 61089 61092 61095 61098 61101 61098 61101 61103 61106
60081 60084 60087 61090 61093 61096 61099 61099 61099 61102 61104 61107
60082 60085 60088 61091 61094 61097 61100 61100 61100 61100 61105 61108
0 112 15 0 86
0 800 15 0 181
0 176 15 128 117
0 16 16 672 149
0 48 16 719 117
3 18 200 40 0 5 3
1 54 50
2 688 149 11 20
2 400 120 0 16
2 200 80 0 21
3 15 32 93 54 1 -2
3 15 5 132 112 -1 2
3 17 32 282 85 1 -2
3 15 5 355 176 -1 2
3 15 5 679 144 1 2
3 15 32 722 85 -1 -2
3 50 141 666 40 7 7
4 606 35 5 19 1