1
24 5
32 32
0 5 5 5 5 5 13 13 0 5 5 5 5 5 13 13 13 13 13 13 17 22 22 30
1 6 6 6 6 6 5 5 1 6 6 6 6 6 5 5 5 5 5 5 18 23 27 31
2 7 10 10 10 10 10 10 1 7 10 10 10 10 10 10 10 10 7 11 19 24 27 30
3 8 11 3 3 11 3 11 3 8 11 3 3 11 3 11 11 11 8 15 20 25 28 32
4 9 12 4 4 12 4 12 4 9 12 4 4 12 4 12 12 14 9 16 21 26 29 33
2
27 3
64 64
60001 60004 60007 60010 60007 60014 60007 60010 60017 60010 60021
60024 60027 60030 60033 60035 60038 60038 60038 60041 60044 60047
60050 60053 60056 60059 60062
60002 60005 60008 60011 60012 60015 60007 60011 60018 60015 60022
60025 60028 60031 60034 60036 60039 60039 60039 60042 60045 60048
60051 60054 60057 60060 60063
60003 60006 60009 60006 60013 60016 60099 60006 60019 60020 60023
60026 60029 60032 60099 60037 60040 60040 60040 60043 60046 60049
60052 60055 60058 60061 60064
3
7 3
64 64
60056 60059 60062 60065 60068 60071 60074
60057 60060 60063 60066 60069 60072 60075
60058 60061 60064 60067 60070 60073 60076
4
8 3
64 64
60120 60123 60126 60129 60129 60134 60137 60140
60121 60124 60127 60130 60132 60135 60138 60141
60122 60125 60128 60131 60133 60136 60139 60142