2 0 2818 15 0 181
2 0 45 15 690 118
2 0 159 15 753 86
2 0 97 15 928 118
2 0 270 15 1393 86
2 0 16 16 1530 20
2 0 16 90 1530 96
2 2 30 145 0 7
2 2 90 120 0 6
2 2 158 145 0 6
2 2 218 120 0 6
2 2 286 145 0 6
2 2 346 120 0 6
2 2 414 145 0 6
2 2 474 120 0 6
2 2 542 145 0 6
2 2 600 120 0 6
2 2 675 64 0 6
2 2 730 154 0 6
2 2 795 29 0 7
2 2 860 54 0 6
2 2 925 154 0 6
2 2 980 64 0 6
2 2 1050 154 0 6
2 2 1115 154 0 6
2 2 1180 154 0 6
2 2 1245 154 0 6
2 2 1305 154 0 6
2 2 1370 119 0 6
2 2 1430 64 0 6
2 2 1500 29 0 6
2 1 40 50
2 3 28 5 612 176 1 2
2 3 15 5 690 113 -1 -2
2 3 25 5 705 113 1 2
2 3 15 5 753 79 -1 -2
2 3 20 5 893 79 1 -2
2 3 25 5 930 113 -1 2
2 3 25 5 1282 176 1 2
2 3 15 5 1394 79 -1 -2
2 4 330 145 0 -1 50 380
2 4 380 145 0 -1 50 380
2 4 430 145 0 -1 50 380
2 4 690 100 1 -1 50 690
2 4 880 60 1 -1 50 690
2 4 940 85 1 -1 50 690
3 0 130 15 0 86
3 0 48 15 130 118
3 0 364 15 0 181
3 0 8 181 0 20
3 0 8 96 272 102
3 1 40 53
3 3 22 5 155 113 1 -2
3 3 20 5 224 176 -1 2
3 3 22 5 25 176 1 -2
4 0 224 15 0 102
4 0 32 15 96 70
4 0 32 15 256 102
4 0 160 15 320 102
4 0 32 15 480 134
4 0 32 15 448 166
4 1 40 53
4 3 23 5 86 65 -1 2
4 3 22 5 435 97 -1 2
1 0 750 10 0 168
1 2 90 135 1 2
1 2 220 135 1 3
1 2 345 135 1 3
1 2 475 135 1 2
1 2 600 135 1 4
1 2 640 135 5 5 720
1 1 40 50