101 91001 0 0 8 16
101 91002 8 0 16 16
100 91011 0 0 16 32
100 91012 16 0 32 32
111 91021 0 0 16 16
112 91031 0 0 16 16
116 91032 0 0 6 5
113 91041 0 0 16 9
115 91051 344 122 360 138
115 91052 364 122 380 138
115 91053 384 122 400 138
117 91061 0 0 16 16
115 91071 38 105 55 122
115 91072 180 105 197 122
10 91073 1 367 17 381
10 91074 1680 425 1696 439
115 91075 35 155 51 171
10 91076 1825 334 1841 350
10 91077 1825 350 1841 366
115 91078 224 38 240 53
6 91079 105 10 119 26
6 91080 125 10 139 26
115 91081 206 157 220 171
115 91082 289 101 304 119