100 1 101 100
100 1 105 101
100 1 100 102
100 1 111 103
100 1 115 104
100 1 121 105
100 1 125 106
100 3 131 132 133 107
100 3 135 136 137 108
100 1 141 109
100 1 145 110
100 4 201 202 203 203 111
100 4 205 206 207 207 112
100 4 151 152 153 154 113
100 4 155 156 157 158 114
100 4 211 212 213 213 115
100 4 215 216 217 217 116
100 1 162 117
100 1 166 118
100 2 161 162 119
100 2 165 166 120
100 1 175 121
100 1 171 122
100 2 176 175 123
100 2 172 171 124
100 4 181 182 183 183 125
100 4 184 185 186 186 126
100 4 187 188 189 189 127
100 4 190 191 192 192 128