101 123 40 140 71
105 163 40 180 71
100 163 0 180 31
111 83 0 100 31
115 203 0 220 31
121 36 7 68 24
125 236 7 268 24
131 123 40 140 71
132 83 40 100 71
133 43 40 60 71
135 163 40 180 71
136 203 40 220 71
137 243 30 260 71
141 4 43 20 67
145 284 43 300 67
151 123 40 140 71
152 123 80 140 111
153 123 120 140 151
154 123 160 140 191
155 163 40 180 71
156 163 80 180 111
157 163 120 180 151
158 163 160 180 191
201 120 200 144 231
202 84 200 201 231
203 40 200 64 231
205 160 200 184 231
206 203 200 220 231
207 240 200 264 231
211 140 240 148 271
212 92 240 109 271
213 9 240 33 271
215 156 240 164 271
216 195 240 212 271
217 270 240 294 271
221 140 320 148 351
222 140 360 148 291
223 140 400 148 431
224 140 440 148 471
225 92 320 109 351
226 92 360 109 391
227 92 400 109 431
228 92 440 109 471
229 0 320 38 351
230 0 360 38 391
231 0 400 38 431
232 0 440 38 471
241 156 320 164 351
242 156 360 164 391
243 156 400 164 431
244 156 440 164 471
245 195 320 212 351
246 195 360 212 391
247 195 400 212 431
248 195 440 212 471
249 264 320 304 351
250 264 360 304 391
251 264 400 304 431
252 264 440 304 371