102 92021 0 4 9 27
102 92022 21 0 37 20
102 92023 47 3 70 11
102 92031 0 33 9 58
102 92032 21 30 37 50
102 92033 47 36 70 42
102 92041 0 63 9 88
102 92042 0 93 9 118
102 92043 0 123 9 148
102 92044 0 153 9 178
102 92045 21 60 37 80
102 92046 21 90 37 110
102 92047 21 120 37 140
102 92048 21 150 37 170
102 92049 47 66 87 72
102 92050 47 96 87 102
102 92051 47 126 87 132
102 92052 47 156 87 162
103 92121 77 4 86 27
103 92122 50 0 66 20
103 92123 16 3 39 11
103 92131 77 33 86 58
103 92132 50 30 66 50
103 92133 16 36 39 42
103 92141 77 63 86 88
103 92142 77 93 86 118
103 92143 77 123 86 148
103 92144 77 153 86 178
103 92145 50 60 66 80
103 92146 50 90 66 110
103 92147 50 120 66 140
103 92148 50 150 66 170
103 92149 0 66 40 72
103 92150 0 96 40 102
103 92151 0 126 40 132
103 92152 0 156 40 162
103 99999 0 0 0 0